# START_HEADER
# GLOBAL IONOSPHERE RADIO OBSERVATORY (G.I.R.O.)
# giro.uml.edu
#
# IRI-based Real-Time Assimilative Model (IRTAM)
#
# IRTAM Coefficients of Temporal-Spatial Expansion
# Generated by GambitCoefficients_Servlet GX.Global.Svlt 0.3b on 2026-09-14T10:06:23.523Z
# Ionospheric Characteristic: foF2 [MHz] 
# Time of Validity 2026-09-10T12:00:00.000Z
# Assimilative Engine: NECTAR v0.2A_D3/1
# Earth Grid: 46 lats x 45 lons
# Expansion Basis: JonesGallet_LinTrend
# Basis Lengths: 14(temporal) x 76(spatial)
# Assimilated stations: 
# AA343 AL945 AT138 BVJ03 CAJ2M CB53N DB049 DW41K EA036 EB040
# GA762 GM037 GR13L HE13N HO54K IF843 JI91J JR055 LL721 MHJ45
# MZ152 ND61R NI135 NI63_ PE43K PQ052 RM041 RO041 SO148 TR0P2
# TR169 TV51R WA619
# Requested by unknown from IP:85.87.216.15
# END_HEADER
  8.36785345e+00  5.91010855e-02  4.38351913e-02 -2.22478358e-02
 -1.31136373e-01  5.97193742e-02 -6.40165150e-02  1.02807771e-01
  8.49491329e-03 -4.31821803e-02 -5.96616187e-03  1.20599379e-02
  4.38099120e-02  8.84882079e-01  3.15973811e-01 -6.60512126e-01
  2.00403656e-02 -6.31889237e-01 -2.02392172e-03 -1.95133568e-01
  1.50988451e-01  3.36426643e-02  1.22505742e-01  3.19676328e-02
  5.47985663e-02  1.16145079e-01  1.23655475e+01  5.76355561e-01
  4.40112954e+00  3.08501452e+00 -1.22129925e+00  2.75821029e-01
  1.04453901e-01  1.69118958e-01  1.62803081e-01  1.07890116e-01
 -4.71109639e-03  1.03278122e-01 -1.04180092e-01 -9.45753341e+00
 -6.07736738e+00  1.20520351e+01 -8.26112256e-01  8.65290200e+00
  1.15028198e+00  5.01474469e-01 -4.28556123e-01 -6.96309237e-01
 -1.12358593e+00 -8.44314055e-01  7.19964018e-02 -3.45264974e-01
 -7.00586461e+01 -4.84727313e+00 -2.76703189e+01 -1.95066605e+01
  1.09722012e+00 -1.08852666e+00 -9.20300738e-01 -2.56194728e+00
 -1.11849409e+00 -2.40349513e+00  1.92939733e+00 -2.36641548e-01
  6.07139402e-01  4.45621598e+01  1.24552281e+01 -4.39866321e+01
  6.79115631e+00 -3.71172119e+01 -7.94486362e+00 -5.84367998e-01
 -1.24558174e+00  1.82975794e+00  5.54152989e+00  5.44627181e+00
  1.85780897e-01  2.18270116e+00  1.23512837e+02  1.19016862e+01
  6.35533717e+01  4.48610192e+01  8.27502865e+00  1.19864828e+00
  4.75127942e+00  7.86774499e+00  3.03697392e+00  9.50562786e+00
 -8.49350228e+00 -1.17941890e+00 -2.41710867e+00 -9.57390551e+01
  1.52117991e+01  4.12768420e+01 -1.94501161e+01  7.28246246e+01
  1.93108507e+01  6.02968683e-01  8.01212982e+00 -6.99120888e-01
 -1.06873560e+01 -1.39095943e+01 -2.85795329e+00 -7.99397365e+00
 -1.09997717e+02 -1.17082573e+01 -5.98015051e+01 -4.39635154e+01
 -1.48988530e+01 -5.55927697e-01 -7.61721515e+00 -1.01835369e+01
 -3.60594842e+00 -1.27319003e+01  1.22431940e+01  3.16416070e+00
  3.78932730e+00  9.13160764e+01 -5.07497914e+01  8.28740220e+00
  2.31710213e+01 -6.74775677e+01 -1.95588285e+01 -9.07673420e-01
 -1.25303549e+01 -1.68945857e+00  7.87785427e+00  1.54163636e+01
  5.07090465e+00  1.09044195e+01  4.07180378e+01  3.93914394e+00
  1.93861715e+01  1.55908294e+01  6.89658430e+00  1.08072764e-01
  3.75391445e+00  4.60344647e+00  1.51720911e+00  5.56771343e+00
 -5.68074445e+00 -1.87048906e+00 -1.92091128e+00 -3.14253240e+01
  2.90711090e+01 -1.69569424e+01 -9.74522511e+00  2.37976162e+01
  7.04532212e+00  5.82036506e-01  6.04569119e+00  1.22505840e+00
 -1.72137350e+00 -6.14396392e+00 -2.52877316e+00 -4.86301207e+00
 -2.39283327e-01  1.85804340e+00  1.92453481e+00 -7.46456112e-02
  2.33873829e-01 -1.87533641e-01 -1.98341937e-02 -9.02305759e-03
 -5.27438107e-03  7.27638293e-02 -9.63109366e-02 -1.78458772e-02
 -4.97045614e-03  2.88277157e-01 -1.70659538e+00  1.43077701e+00
  4.64886268e-02  1.41024556e-01  2.82183934e-02  3.47320272e-02
 -1.00853700e-01  5.95202719e-03 -1.94137822e-02  1.03726743e-01
 -1.62610127e-03 -3.90325517e-02 -5.84587840e-01  2.53573275e+00
  4.33472480e-01  7.19565441e-01  1.08090419e+00 -1.51223905e-01
  7.17785334e-01 -2.81645373e-02 -3.30505782e-02 -1.94327820e-01
 -1.59555769e-01 -2.08689880e-01  5.30743253e-02 -1.66196055e+00
  5.20688984e-01  1.97389536e+00 -2.84746974e-01  1.82873193e-01
 -5.91540215e-01  1.86129982e-01 -1.10934362e-01  8.30258425e-02
  3.60734557e-02  7.10500992e-02 -6.36690124e-02 -7.70208272e-02
  6.54610217e+00  5.97833525e+00  4.09794076e+00  2.08534585e+00
 -2.38198334e+00  1.34752377e+00  2.91739629e+00  2.14125596e-01
 -1.18795383e-01  1.62927437e-01 -2.61196515e-01 -5.09709931e-02
 -7.34077445e-01 -4.74312955e-01 -7.04584173e+00  9.35155301e+00
  2.42670497e+00  1.56745262e+00 -1.82497049e+00  3.61081676e-01
  2.20408090e-01  3.59644833e-01 -1.77446563e-01 -2.13338620e-01
  2.10404649e-01  4.49934988e-01 -6.81954246e+00 -1.90037499e+01
  2.03264894e+01 -2.06677760e+01 -6.97606325e+00 -1.45655648e+00
 -5.94553340e+00  2.39514410e+00  1.29987171e+00  3.81099493e+00
 -1.37003078e+00  1.22167715e+00 -1.07561805e+00  3.45753206e+01
 -1.53556002e+01 -8.10879260e+00  5.58894710e-01 -1.16392107e+01
  8.75421251e+00 -3.44707524e+00 -1.14156003e+00 -1.40615860e+00
  1.98493248e+00  1.60995884e+00 -2.14931122e-01 -8.19192736e-01
 -5.26257148e+01 -6.49836796e+00  2.45329261e+01 -1.06090388e+01
  1.24316927e+01 -1.62924538e+01 -2.15393969e+01 -2.72341794e+00
  1.71611911e+00  2.87256207e+00  2.99926110e+00 -3.12535265e-01
  5.66249430e+00  2.26155185e+01 -1.47110806e+01 -1.40169657e+01
 -1.78385324e+01 -4.03197281e+00  8.50631831e+00 -3.37100395e+00
 -5.01120175e-01 -2.37664585e+00  1.29748985e+00  1.49954512e+00
 -8.92003546e-01 -2.94324325e+00  4.86731366e+01  5.64518192e+01
 -1.55317640e+02  1.14178481e+02  2.62323344e+01  1.21911126e+01
  2.36042840e+01 -1.22391928e+01 -8.15546859e+00 -2.77009398e+01
  1.26704906e+01 -8.67720527e+00  6.37163675e+00 -1.99626534e+02
  5.81768296e+01  3.90831597e+01  1.89892894e+00  6.39639479e+01
 -4.17634518e+01  2.49878875e+01  1.27573893e+01  8.94490027e+00
 -1.28970199e+01 -1.03434910e+01 -4.16010628e-01  7.19501722e+00
  1.59093611e+02 -6.74602534e+01 -1.58750872e+02  2.08274890e+01
 -3.06055203e+01  5.78472849e+01  5.71243853e+01  9.75333910e+00
 -6.66548021e+00 -1.34758839e+01 -7.58402209e+00  2.12338089e+00
 -1.71805365e+01 -1.03779711e+02  1.42341468e+02 -8.83472889e+01
  5.10849353e+01 -5.31663173e+00 -1.43522083e+01  5.53442461e+00
  3.38240726e+00  5.82062784e+00 -4.61113894e+00 -5.46544336e+00
  1.42340685e+00  9.24394694e+00 -1.29016946e+02 -6.17898219e+01
  4.17177623e+02 -2.55198738e+02 -5.62277745e+01 -3.04887682e+01
 -4.99816453e+01  2.57103115e+01  2.11205390e+01  8.12594293e+01
 -3.06034317e+01  2.68783462e+01 -1.53480108e+01  4.53236484e+02
 -8.63318962e+01 -1.04310307e+02 -9.59545850e+00 -1.35017991e+02
  8.92346106e+01 -7.16041139e+01 -3.74791560e+01 -2.46045872e+01
  3.21186362e+01  2.38467705e+01  6.68583414e+00 -1.91909249e+01
 -2.02041944e+02  1.45583219e+02  2.57722541e+02 -1.57301558e+01
  3.33652500e+01 -7.71655770e+01 -6.45852834e+01 -1.07209488e+01
  1.09518366e+01  1.77528823e+01  7.52275913e+00 -3.93676574e+00
  2.22537030e+01  1.46977099e+02 -2.41810183e+02  2.17177840e+02
 -6.59374517e+01  1.79841539e+01  1.05900972e+01 -8.48349761e-01
 -6.13942736e+00 -5.70659650e+00  7.55863799e+00  6.17632977e+00
 -1.73552459e+00 -1.24289279e+01  1.54834497e+02  2.47827448e+00
 -4.88970335e+02  2.51578761e+02  5.37496609e+01  3.10454338e+01
  5.31263497e+01 -2.28611315e+01 -2.33893950e+01 -9.90706929e+01
  2.86709116e+01 -3.39161566e+01  1.57181603e+01 -4.32695211e+02
  6.62763198e+01  1.15409443e+02  1.27857265e+01  1.23058432e+02
 -8.86783093e+01  8.53760567e+01  4.45167870e+01  3.00287711e+01
 -3.51418700e+01 -2.51392132e+01 -1.31472481e+01  2.13186802e+01
  8.89275687e+01 -7.88466402e+01 -1.25415040e+02  3.66914526e+00
 -1.31508341e+01  3.46951684e+01  2.60906794e+01  2.95953826e+00
 -6.17659056e+00 -7.59048265e+00 -2.27145133e+00  2.40943135e+00
 -9.82342119e+00 -6.67012660e+01  1.18716073e+02 -1.26788340e+02
  3.07142853e+01 -1.02694252e+01 -3.04023440e+00 -2.00553308e+00
  3.07497157e+00  1.83868772e+00 -4.27520544e+00 -1.92480832e+00
  1.10000945e+00  5.95146869e+00 -6.73272664e+01  2.03282741e+01
  2.07320781e+02 -9.12242903e+01 -1.79004137e+01 -1.12414993e+01
 -2.20408274e+01  6.51154194e+00  9.20059160e+00  4.19582129e+01
 -8.91439721e+00  1.49532176e+01 -5.44259531e+00  1.46740923e+02
 -2.19971847e+01 -4.45575583e+01 -5.06954425e+00 -4.14160305e+01
  3.31909646e+01 -3.58899716e+01 -1.89291589e+01 -1.32626583e+01
  1.39060493e+01  1.01636324e+01  7.39348246e+00 -8.38076564e+00
  2.41295098e-01 -5.34718073e-01 -3.97931489e-01 -8.06520902e-01
  2.12561922e-01  2.94196286e-02 -1.04909804e-01  3.26355674e-02
  3.52339469e-02 -5.35610262e-02  1.28162762e-01 -1.95720049e-03
  8.76434690e-03 -1.56581503e-02  2.29248774e-01 -2.69748286e-01
 -9.56852294e-02 -9.69277668e-01  1.14330939e-01 -1.86977868e-02
 -1.33423166e-01  1.34111160e-02  1.10113129e-02  2.63082842e-02
 -1.11926696e-02 -3.14848990e-02  9.99301819e-01 -1.04791291e+00
  4.25567855e-02  5.54755008e-01  3.18272010e-01  5.76610361e-01
 -1.73215836e-01  5.98697096e-02 -1.33385685e-01  7.62765218e-02
  2.46156050e-01  1.47905806e-01 -2.05352199e-02  1.69250471e-01
  8.01134989e-01 -1.74645985e-01 -3.71353073e-01  4.49718869e-01
  1.44831828e-02  7.81901104e-01 -9.82657772e-02 -2.78477341e-02
  1.35336318e-01  2.88407917e-03  5.10010069e-02 -1.45412045e-01
 -2.18313243e+00  2.66092488e+00  2.38291176e+00  8.64858463e-02
  1.48577724e+00 -8.93083635e-02  1.07118244e+00 -6.74519536e-01
  1.88578183e-01  7.17967938e-02 -1.82731796e-01 -1.99091600e-01
 -4.27236747e-01 -2.33001941e+00 -3.45579074e+00  9.91053556e-01
 -2.27308131e+00  1.48593167e+00  1.89814482e-01 -1.07321138e-01
 -1.60363236e-01 -1.16877918e+00  2.60890486e-01 -3.54204456e-01
 -3.58161716e-01 -2.03025561e-01 -9.44028782e+00  1.99871812e+00
 -7.11856546e-01  9.58547782e+00 -7.47774935e-01 -2.25755585e+00
 -3.08421656e+00 -2.26799255e+00  9.88414631e-01 -7.00533768e-01
 -5.89661346e-02  7.13053885e-01  1.10671713e+00 -1.17575828e+01
 -4.06447327e+00  1.33404270e+00  2.34322887e+00  7.73322296e+00
  1.87908190e+00 -4.53247476e+00 -1.54228238e+00 -2.80889138e-01
 -2.15173712e+00  9.65574432e-01  8.23814839e-01  5.84879475e-01
 -3.86427544e+00 -8.32424124e+00 -9.91561264e+00  8.67190192e+00
 -1.41695214e+01  4.09154062e+00 -2.27075824e+00  2.94446443e+00
 -3.83722117e+00 -9.58533695e-01  1.32309571e+00  1.07906381e+00
  3.81828820e+00  1.93951837e+01  1.40661274e+01 -4.10218795e+00
  1.13135772e+01 -2.89945432e+00 -5.36043101e+00  3.12644988e+00
  1.53670120e+00  5.10864200e+00 -5.07137678e-01  1.11057189e+00
  2.38735314e+00  2.60536538e+00  2.27684086e+01 -3.25828690e+00
  2.95905562e+00 -3.15861281e+01 -1.47557802e+00  1.70603074e+00
  1.25579486e+01  8.00640589e+00 -2.86646974e+00  2.75446702e+00
 -1.05413656e+00 -2.75445749e+00 -3.72795303e+00  2.96298720e+01
  9.16347831e+00 -7.13569942e+00 -2.50551733e+00 -2.67341122e+01
 -8.09231486e+00  8.16092781e+00  6.59176521e+00  1.11110434e+00
  6.30821212e+00 -3.70274068e+00 -3.03610185e+00 -1.42391106e+00
  2.14586225e+01  1.94860855e+01  1.39297139e+01 -1.60015312e+01
  3.42672833e+01 -1.09184975e+01  2.99740412e+00 -3.13734792e+00
  9.76940464e+00  3.19788516e+00 -4.68518601e+00 -1.88773331e+00
 -9.51819267e+00 -4.47706533e+01 -2.12960163e+01  1.28938413e+01
 -2.24342836e+01  9.11399040e+00  1.41497099e+01 -6.35089745e+00
 -1.06276988e+00 -7.87717397e+00 -1.38242637e-01 -2.36585074e+00
 -5.12334928e+00 -6.57078077e+00 -1.37538016e+01  3.14430431e+00
 -6.86662974e+00  2.26404672e+01  1.73166437e+00  2.93229992e-01
 -1.04301322e+01 -7.23034056e+00  2.41242197e+00 -2.83176236e+00
  1.08601908e+00  2.17665644e+00  3.02421714e+00 -2.09855728e+01
 -1.28504527e+00  7.26730221e+00  7.06948938e-01  1.92291276e+01
  7.42448485e+00 -4.76917431e+00 -6.28696842e+00 -1.21773346e+00
 -4.82229470e+00  3.41554996e+00  2.71843321e+00  1.30770190e+00
 -1.97651835e+01 -1.37459297e+01 -1.56812677e+00  6.52429867e+00
 -2.33197538e+01  6.97588267e+00 -2.19790658e+00 -6.92205813e-02
 -6.69522900e+00 -2.71425295e+00  4.30025587e+00  1.30286590e+00
  7.01018377e+00  3.00483270e+01  7.02003969e+00 -1.01772214e+01
  1.43199975e+01 -8.85554658e+00 -9.48749842e+00  2.70158553e+00
 -1.15363721e+00  3.98311571e+00 -6.93485913e-02  2.12303026e+00
  3.61672150e+00  4.76037673e+00  7.56683925e-02  1.25997432e-01
  2.83033450e-01  1.67744450e-01  1.14199178e-01 -4.69531950e-02
 -7.57228781e-01 -1.08455511e-01 -5.56965748e-02 -2.37072306e-02
  9.14606434e-03 -2.27378731e-03 -3.93639249e-02  5.30489385e-02
 -3.25079295e-01  8.00133613e-02 -8.98965339e-02 -8.00678507e-02
  8.51393400e-01 -2.34317101e-02  1.02990647e-01  6.98746856e-02
  1.47838741e-02 -3.48151391e-02  2.55423764e-02  3.12061425e-02
 -1.19838131e+00  7.21791206e-01  9.59759929e-01  5.67855174e-01
 -5.02112034e-01 -7.66478358e-02  4.40787338e-02 -1.78164564e-01
  1.10870016e-01  1.23459138e-01  2.19387252e-02 -2.49944089e-01
 -1.48959888e-01 -7.59188964e-01 -7.01364107e-01  4.80330924e-02
  1.23628920e-01  6.21427262e-02  4.91819369e-01 -1.28501494e-01
  8.50961325e-02  1.13746879e-02 -9.92972308e-02  5.57104050e-02
 -1.04712731e-01 -1.45332962e-02  2.24440797e+00  6.91913310e-01
 -2.19252633e+00 -9.52846152e-01  4.42783519e-01 -1.83131316e-01
  1.24715611e+00 -7.12865635e-02  7.17490731e-01  4.89120158e-01
 -2.36872786e-01  1.88180538e-01 -2.17476165e-03  3.29913223e-01
  3.98204896e+00 -8.44121559e-01 -6.32871847e-01  6.05053099e-01
 -1.86272878e+00 -2.34750762e-01 -4.53470361e-01 -3.78572044e-01
  2.44235235e-02  6.65818949e-01  4.90455284e-02 -4.56542078e-02
  1.89915567e+00 -2.61310240e-01 -1.80175390e+00 -8.63940788e-01
  9.20455199e-01  3.66991032e-03  2.50874832e-01  2.44572994e-01
 -2.97323398e-01 -1.23842222e-01 -9.57385655e-02  4.07033288e-01
  1.65307639e-01  1.12595779e+00  1.49207872e+00  4.58538282e-01
 -2.70538469e-01 -4.90430759e-02 -1.19378798e+00  2.31625379e-01
  9.91338671e-02  1.32196736e-01  2.65818625e-01 -7.53773737e-02
  1.62546300e-01 -2.94679401e-02 -4.04031214e+00 -7.72326605e-01
  2.85198376e+00  9.17017182e-01 -9.14778835e-01 -8.77939196e-01
 -1.72295714e+00  4.06652352e-01 -1.04518144e+00 -7.52302865e-01
  4.19917557e-01 -3.10852264e-01  1.12441160e-01 -1.30666272e+00
 -6.35596981e+00  4.55975709e-01  1.43815233e+00 -6.84687743e-01
  2.38221197e+00 -5.59478519e-01  5.24148644e-01  5.36211908e-01
 -8.86440095e-02 -1.03066493e+00 -1.95817958e-01 -2.61222872e-02
  1.21926241e-01 -1.10960341e-01 -6.52247589e-02 -4.62077017e-02
 -1.64616095e-01 -2.93930634e-02  7.78484093e-02  3.02362639e-01
  1.78023508e-03  3.18676508e-03  5.55625771e-02 -6.67251622e-03
  2.43766579e-02 -2.83061862e-01  8.07387253e-02 -4.81976195e-02
  1.11435737e-01 -6.99254949e-02 -8.48599134e-02 -5.76421924e-02
 -2.74493295e-02  2.63011559e-01 -6.99058935e-02 -1.14963372e-01
  2.28557617e-02 -3.17361656e-03 -1.55660489e-01  1.34665036e-01
  4.87870807e-01  7.72038169e-02 -2.28417562e-01 -9.01982742e-02
  2.69867501e-02  2.02881914e-01  1.62279695e-01  1.90771640e-02
  2.54628335e-02  6.78413274e-02 -9.20896326e-03 -1.83498967e-02
 -7.73459810e-02 -1.54442191e-02  1.88795914e-01  2.23370984e-01
 -3.88527026e-01 -8.39708361e-02 -2.12889156e-01  4.03772399e-02
  1.40769160e-01 -1.05927737e-01  9.29493338e-02 -3.12645143e-02
  1.62343388e-02  1.37757704e-01  1.83272705e-02 -5.84653650e-02
 -1.21670731e-02  8.09525582e-03 -1.61293184e-02  4.86768582e-02
 -4.46088359e-02 -1.53011170e-02  1.69978028e-01 -2.48371890e-02
 -1.32728000e-02 -1.13582147e-01 -4.15182311e-02  7.05550653e-02
 -1.00915380e-01  3.44845823e-02 -4.49508921e-02 -7.83997711e-02
  1.33847457e-01  4.69732175e-02 -1.70973174e-01 -9.84977459e-04
  1.17908457e-02 -2.65856006e-02 -2.63173672e-02  2.11418343e-02
  6.67307477e-02 -5.88586456e-02  1.20715495e-02  1.77534529e-02
 -4.22225070e-02  6.37776666e-02  4.43086455e-02  8.36870565e-03
 -3.36077182e-02 -9.83353568e-02 -3.21590475e-02 -2.30768179e-01
  1.75455185e-02 -3.09506354e-03  1.41810376e-01  1.15003652e-02
 -1.59703083e-03  7.87047475e-02 -8.39013412e-02 -1.70617556e-02
  9.92752728e-03 -2.10381726e-03  5.36726868e-02 -1.48375664e-01
 -7.22703475e-02 -6.79971912e-02  4.71806592e-02  5.86317809e-02
 -1.35528361e-02 -9.21390016e-05  2.01334214e-02 -1.06030523e-02
 -3.85437343e-03 -9.92859117e-03 -1.51319511e-02 -4.50770122e-04
  1.00686623e-02  1.30420059e-01 -4.82748861e-02  4.64589739e-02
 -2.31068505e-02 -4.86666323e-02 -5.58237145e-04 -2.62831356e-02
 -2.27808018e-02  6.73916098e-04  2.24195589e-02  1.47183824e-02
  1.38522790e-03  1.86394683e-02 -1.95820776e-02  4.45558566e-02
  6.25578818e-02 -1.06371253e-02 -9.60666248e-03 -1.47539540e-02
 -2.33020669e-03 -1.34996494e-02  8.37722715e-03  6.45120501e-03
  1.78704328e-02  5.75173253e-03 -1.98124914e-02 -5.13159971e-02
  3.46770276e-02 -4.97893645e-02  6.79554439e-02 -1.20394771e-02
 -2.27868104e-03  5.53614273e-02 -3.14502870e-02 -1.86004435e-02
  2.97381553e-02 -2.59940210e-02 -1.70302517e-02 -2.86997365e-02
  5.80980485e-05  2.72060873e-04  1.68297648e-04 -2.21491258e-03
 -1.35082172e-03  9.74800010e-03  7.14310078e-03 -1.82423040e-02
 -1.33941611e-02  1.29496663e-02  7.38810063e-03 -2.50524302e-03
 -3.95545900e-05 -1.15129143e-05 -2.05613851e-04  2.25637414e-04
  5.45019257e-04  1.16418063e-05  2.31206782e-03 -5.67398718e-03
 -5.80615342e-03 -5.37111146e-03 -1.80252495e-02  3.78644142e-02
  2.67841686e-02  2.59974291e-02  6.57998307e-02 -1.00233538e-01
 -4.49455113e-02 -4.14893009e-02 -9.78312275e-02  1.10462046e-01
  2.33234360e-02  2.10794677e-02  4.81058692e-02 -4.29826757e-02
  1.44687349e-04 -8.26979020e-05  1.14480419e-04 -7.35492927e-05
 -1.10930952e-03  1.04997137e-05  3.14204214e-04 -1.92539711e-03
  8.79580557e-03 -3.48016918e-03  4.16824470e-04  7.16711138e-03
 -1.93012667e-02  1.08148728e-02 -3.04444901e-03 -6.82556079e-03
  1.06220911e-02 -9.22101634e-03 -1.09445395e-04 -3.96214944e-05
  2.16153401e-04  1.34032952e-04  8.61454399e-05  2.49494565e-04
 -3.70739849e-04 -6.58235855e-04  4.21241557e-04 -9.75269609e-04
  1.02053738e-04 -1.11466637e-04  4.00609759e-04 -2.65777528e-04
  7.01735561e-05  1.19635418e-04  9.76416229e-05 -5.87638829e-05
  5.93375122e-05 -1.64431068e-05 -1.37285361e-05 -4.92318789e-05
